69 20
245 246 246 246 246 246 246 246 246 247 163 163 163 163 163 163 163 163 163 163 163 163 163 163 163 163 163 163 163 163 163 163 163 163 163 163 163 163 163 163 163 163 163 163 163 163 163 163 163 163 163 163 163 163 163 163 163 163 163 163 163 163 163 163 163 163 163 163 255
250 65 65 65 65 65 65 65 65 248 163 163 163 163 163 163 163 163 163 163 163 163 163 163 163 163 163 163 163 163 163 163 163 163 163 163 163 163 163 163 163 163 163 163 163 163 163 163 163 163 163 163 163 163 163 163 163 163 163 163 163 163 163 163 163 163 163 163 255
250 65 65 65 65 65 65 65 65 248 163 163 163 163 163 163 163 163 163 163 163 163 163 163 163 215 234 211 228 211 235 216 163 163 163 163 163 163 163 163 163 163 163 163 163 163 163 163 163 163 163 163 163 163 215 234 211 228 211 235 216 163 163 163 163 163 163 163 255
250 65 65 65 65 65 65 65 65 248 163 163 163 163 163 163 163 163 163 163 163 163 163 163 163 184 232 187 227 187 233 173 163 163 163 163 163 163 163 163 163 163 163 163 163 163 163 163 163 163 163 163 163 163 184 232 187 227 187 233 173 163 163 163 163 163 163 163 255
250 65 65 65 65 65 65 65 65 248 163 163 163 163 163 163 163 163 163 163 163 163 163 163 163 184 232 187 227 187 233 173 163 163 163 163 163 163 163 163 163 163 163 163 163 163 163 163 163 163 163 163 163 163 184 232 187 227 187 233 173 163 163 163 163 163 163 163 255
250 65 65 65 65 65 65 65 65 248 163 163 163 163 163 163 163 163 163 163 163 163 163 163 163 184 232 187 227 187 233 173 163 163 163 163 163 163 163 163 252 251 251 251 251 251 251 253 163 163 163 163 163 163 184 232 187 227 187 233 173 163 163 163 163 163 163 163 255
250 65 65 65 65 65 65 65 65 248 163 163 163 163 163 163 163 163 163 163 163 163 163 163 163 223 238 170 226 170 239 224 163 163 163 163 163 163 163 163 163 163 163 163 163 163 163 163 163 163 163 163 163 163 223 238 170 226 170 239 224 163 163 163 163 163 163 163 255
250 65 65 65 65 65 65 65 65 248 163 163 163 163 163 163 163 163 163 163 163 163 163 163 163 221 240 169 225 169 241 222 163 163 163 163 163 163 163 163 163 163 163 163 163 163 163 163 163 163 163 163 163 163 221 240 169 225 169 241 222 163 163 163 163 163 163 163 255
250 65 65 65 65 65 65 65 65 248 163 163 163 163 163 163 163 163 163 163 163 163 163 163 163 184 232 187 227 187 233 173 163 163 163 163 163 163 163 163 252 251 251 251 251 251 251 253 163 163 163 163 163 163 184 232 187 227 187 233 173 163 163 163 163 163 163 163 255
250 65 65 65 65 65 65 65 65 248 163 163 163 163 163 163 163 163 163 163 163 163 163 163 163 184 232 187 227 187 233 173 163 163 163 163 163 163 163 163 163 163 163 163 163 163 163 163 163 163 163 163 163 163 184 232 187 227 187 233 173 163 163 163 163 163 163 163 254
250 65 65 65 65 65 65 168 65 248 163 163 163 163 163 163 163 163 163 163 163 163 163 163 163 184 232 187 227 187 233 173 163 163 163 163 163 163 163 163 163 163 163 163 163 163 163 163 163 163 163 163 163 163 184 232 187 227 187 233 173 163 163 163 163 163 163 163 254
250 65 65 65 65 65 65 65 65 248 163 163 163 163 163 163 163 163 163 163 163 163 163 163 163 217 236 212 229 212 237 218 163 163 163 163 163 163 163 163 252 251 251 251 251 251 251 253 163 163 163 163 163 163 217 236 212 229 212 237 218 163 163 163 163 163 163 163 254
250 65 65 65 65 65 65 65 65 248 163 163 163 163 163 163 163 163 163 163 163 163 163 163 163 163 163 163 163 163 163 163 163 163 163 163 163 163 163 163 163 163 163 163 163 163 163 163 163 163 163 163 163 163 163 163 163 163 163 163 163 163 163 163 200 201 202 203 254
250 65 65 65 65 65 65 65 65 248 163 163 163 163 163 163 163 163 163 163 163 163 67 67 67 67 67 67 67 67 67 67 67 67 67 163 163 163 163 163 163 163 163 163 163 163 163 163 163 163 193 193 163 163 163 163 163 163 163 163 163 163 163 163 204 205 206 207 254
250 65 65 65 65 65 65 65 65 248 163 163 163 163 163 163 163 163 163 163 163 163 67 67 67 67 67 67 67 67 67 67 67 67 67 163 163 163 163 163 163 163 163 163 163 163 163 163 191 192 194 194 192 192 192 192 192 192 192 192 192 192 192 192 192 192 192 208 254
250 65 65 65 65 65 65 65 65 248 163 163 163 163 163 163 163 163 163 163 163 163 67 67 67 67 67 67 67 67 67 67 67 67 67 163 163 163 163 163 163 163 163 163 163 163 163 163 196 192 194 194 192 192 192 192 192 192 192 192 192 192 192 192 192 192 192 208 254
250 65 65 65 65 65 65 65 65 248 163 163 163 163 163 163 163 163 163 163 163 163 67 67 67 67 67 67 67 67 67 67 67 67 67 163 163 163 163 163 163 163 163 163 163 163 163 163 196 192 194 194 192 192 192 192 192 192 192 192 192 192 192 192 192 192 192 209 254
250 65 65 65 65 65 65 65 65 248 163 163 163 163 163 163 163 163 163 163 163 163 67 67 67 67 67 67 67 67 67 67 67 67 67 163 163 163 163 163 163 163 163 163 163 163 163 163 198 197 195 195 197 197 197 197 197 197 197 197 197 197 197 197 197 197 197 210 254
244 243 243 243 243 243 243 243 243 249 242 242 242 242 242 242 242 242 242 242 242 242 67 67 67 67 67 67 67 67 67 67 67 67 67 242 242 242 242 242 242 242 242 242 242 242 242 242 199 242 242 242 242 242 242 242 242 242 242 242 242 242 242 242 242 242 242 242 199
129 129 129 129 129 129 129 129 129 129 129 129 129 129 129 129 129 129 129 129 129 129 129 129 129 129 129 129 129 129 129 129 129 129 129 129 129 129 129 129 129 129 129 129 129 129 129 129 129 129 129 129 129 129 129 129 129 129 129 129 129 129 129 129 129 129 129 129 129