20 20
0 0 0 0 0 0 0 0 0 0 0 0 0 0 0 0 0 0 0 0
0 0 0 0 0 0 0 0 0 0 0 0 0 0 0 0 0 0 0 0
0 0 0 0 0 0 387 389 389 389 389 389 389 414 0 0 0 0 0 0
0 0 0 0 0 0 387 390 391 392 407 406 405 414 0 0 0 0 0 0
0 0 0 0 0 0 387 393 394 395 393 394 395 414 0 0 0 0 0 0
0 0 0 0 0 0 387 396 416 398 409 416 408 414 0 0 0 0 0 0
0 0 0 0 0 0 387 399 399 400 410 399 399 414 0 0 0 0 0 0
0 0 0 0 0 0 387 399 401 394 394 411 399 414 0 0 0 0 0 0
0 0 0 0 0 0 387 401 394 402 412 394 411 414 0 0 0 0 0 0
0 0 0 0 0 0 403 404 404 418 418 404 404 415 0 0 0 0 0 0
0 0 0 0 0 0 0 419 420 419 420 419 420 0 0 0 0 0 0 0
0 0 0 0 0 0 424 423 424 421 422 423 424 423 0 0 0 0 0 0
0 0 0 0 0 419 420 419 420 419 420 419 420 419 420 0 0 0 0 0
0 0 0 0 0 423 424 423 424 421 422 423 424 423 424 0 0 0 0 0
0 0 0 0 0 419 420 419 420 419 420 419 420 419 420 0 0 0 0 0
0 0 0 0 0 423 424 423 424 421 422 423 424 423 424 0 0 0 0 0
0 0 0 0 0 419 420 419 420 419 420 419 420 419 420 0 0 0 0 0
0 0 0 0 0 423 424 423 424 421 422 423 424 423 424 0 0 0 0 0
0 0 0 0 0 419 420 419 420 419 420 419 420 419 420 0 0 0 0 0
374 374 374 374 374 374 374 374 374 374 374 374 374 374 374 374 374 374 374 374