101 22
334 334 334 334 334 0 314 323 323 323 317 318 323 323 323 313 314 323 323 323 317 318 323 323 323 313 314 323 323 323 317 318 323 323 323 313 314 323 323 323 317 318 323 323 323 313 0 369 344 344 344 344 344 344 368 0 314 323 323 323 317 318 323 323 323 313 314 323 323 323 317 318 323 323 323 313 0 0 0 0 0 0 0 0 0 0 0 0 0 0 0 0 0 0 0 0 0 0 0 0 0
334 334 334 334 334 0 314 323 323 323 319 320 323 323 323 313 314 323 323 323 319 320 323 323 323 313 314 323 323 323 319 320 323 323 323 313 314 323 323 323 319 320 323 323 323 313 370 372 344 344 344 344 344 344 373 371 314 323 323 323 319 320 323 323 323 313 314 323 323 323 319 320 323 323 323 313 0 0 0 0 0 0 0 0 0 0 0 0 0 0 0 0 0 0 0 0 0 0 0 0 0
334 334 334 334 334 0 306 307 307 307 321 322 307 307 307 310 306 307 307 307 321 322 307 307 307 310 306 307 307 307 321 322 307 307 307 310 306 307 307 307 321 322 307 307 307 310 369 344 344 344 344 344 344 344 344 368 306 307 307 307 321 322 307 307 307 310 306 307 307 307 307 307 307 307 307 310 0 0 0 0 0 0 0 0 0 0 0 0 0 0 0 0 0 0 0 0 0 0 0 0 0
334 334 334 334 334 0 0 0 0 0 0 0 0 0 0 0 0 0 0 0 0 0 0 0 0 0 0 0 0 0 0 0 0 0 0 0 0 0 0 0 0 0 0 0 0 0 0 0 0 0 0 0 0 0 0 0 0 0 0 0 0 0 0 0 0 0 0 0 0 0 0 0 0 0 0 0 0 0 0 0 0 0 0 0 0 0 0 0 0 0 0 0 0 0 0 0 0 0 0 0 0
334 334 334 334 334 0 0 0 0 0 0 0 0 0 0 0 0 0 0 0 0 0 0 0 0 0 0 0 0 0 0 0 0 0 0 0 0 0 0 0 0 0 0 0 0 0 0 0 0 0 0 0 0 0 0 0 0 0 0 0 0 0 0 0 0 0 0 0 0 0 0 0 0 0 0 0 0 0 0 0 0 0 0 0 0 0 0 0 0 0 0 0 0 0 0 0 0 0 0 0 0
334 334 334 334 334 0 0 0 0 0 0 0 0 0 0 0 0 0 0 0 0 0 0 0 0 0 0 0 0 0 0 0 0 0 0 0 0 0 0 0 0 0 0 0 0 0 0 0 0 0 0 0 0 0 0 0 0 0 0 0 0 0 0 0 0 0 0 0 0 0 0 0 0 0 0 0 0 0 0 0 0 0 0 0 0 0 0 0 0 0 0 0 0 0 0 0 0 0 0 0 0
334 334 334 334 334 0 0 0 0 0 0 0 0 0 0 0 0 0 0 0 0 0 0 0 0 0 0 0 0 0 0 0 0 0 0 0 0 0 0 0 0 0 0 0 0 0 0 0 0 0 0 0 0 0 0 0 0 0 0 0 0 0 0 0 0 0 0 0 0 0 0 0 0 0 0 0 0 0 0 0 0 0 0 0 0 0 0 0 0 0 0 425 426 427 428 0 0 0 0 0 0
334 334 334 334 334 0 0 0 0 0 0 0 0 0 0 0 0 0 0 0 0 0 0 0 0 0 0 0 0 0 0 0 0 0 0 0 0 0 0 0 0 0 0 0 0 0 0 0 0 0 0 0 0 0 0 0 0 0 0 0 0 0 0 0 0 0 0 0 0 0 0 0 0 0 0 0 0 0 0 0 0 0 0 0 0 0 0 0 0 0 0 429 430 431 432 0 0 0 0 0 0
334 334 334 334 334 0 0 0 0 0 0 0 0 0 0 0 0 0 0 0 0 0 0 0 0 0 0 0 0 0 0 0 0 0 0 0 0 0 0 0 0 0 0 0 0 0 0 0 0 0 0 0 0 0 0 0 0 0 0 0 0 0 0 0 0 0 0 0 0 0 0 0 0 0 0 0 0 0 0 0 0 0 0 0 0 0 0 0 0 0 0 433 434 435 436 0 0 0 0 0 0
334 334 334 334 334 0 0 0 0 0 0 0 0 0 0 0 0 0 0 0 0 0 0 0 0 0 0 0 0 0 0 0 0 0 0 0 0 0 0 0 0 0 0 0 0 0 0 0 0 0 0 0 0 0 0 0 0 0 0 0 0 0 0 0 0 0 0 0 0 0 0 0 0 0 0 0 0 0 0 0 0 0 0 0 0 0 0 0 0 0 0 437 438 439 440 0 0 0 0 0 0
334 334 334 334 334 0 0 0 0 0 0 0 0 0 0 0 0 0 0 0 0 0 0 0 0 0 0 0 0 0 338 339 0 0 0 0 0 0 0 0 0 0 0 0 0 0 0 0 0 0 0 0 0 0 0 0 0 0 0 0 0 0 0 0 0 0 0 0 0 0 0 0 0 0 0 0 0 0 0 0 0 0 0 0 0 0 0 0 0 0 0 420 419 420 419 0 0 0 0 0 0
334 334 334 334 334 0 0 0 0 0 0 0 0 0 0 0 0 0 0 0 0 0 0 0 0 0 341 340 340 340 336 337 340 340 340 342 0 0 0 0 0 0 0 0 0 0 0 0 0 0 0 0 0 0 0 0 0 0 0 0 0 0 0 0 0 0 0 0 0 0 0 0 0 0 0 0 0 0 0 0 0 383 383 383 383 383 0 0 0 0 423 424 421 422 423 424 0 0 0 0 0
334 334 334 334 334 0 300 300 300 300 300 300 300 300 300 300 300 300 300 300 300 300 300 300 300 300 325 332 332 332 332 332 332 332 332 326 300 300 300 300 300 300 300 300 300 300 363 364 365 366 367 363 364 364 364 365 300 300 300 300 300 300 300 300 300 7 300 300 300 300 300 300 300 300 300 300 0 0 0 0 0 383 383 383 383 383 0 0 0 0 419 420 419 420 419 420 0 0 0 0 0
334 334 334 334 334 0 301 302 302 302 303 304 302 302 302 305 301 302 302 302 303 304 302 302 302 305 327 324 324 324 324 324 324 324 324 328 301 302 302 302 303 304 302 302 302 305 359 360 359 360 359 360 359 360 359 360 301 302 302 302 303 304 302 302 302 305 301 302 302 302 303 304 302 302 302 305 0 0 0 0 0 383 383 383 383 383 0 0 0 0 423 424 421 422 423 424 0 0 0 0 0
334 334 334 334 334 0 306 307 307 307 308 309 307 307 307 310 306 307 307 307 308 309 307 307 307 310 327 324 324 324 324 324 324 324 324 328 306 307 307 307 308 309 307 307 307 310 361 362 361 362 361 362 361 362 361 362 306 307 307 307 308 309 307 307 307 310 306 307 307 307 308 309 307 307 307 310 0 0 0 0 0 383 383 383 383 383 0 374 374 374 374 374 374 374 374 374 374 374 374 0 0
334 334 334 334 334 0 301 302 302 302 311 312 302 302 302 305 301 302 302 302 311 312 302 302 302 305 329 330 330 330 330 330 330 330 330 331 301 302 302 302 311 312 302 302 302 305 348 358 358 358 358 358 358 358 358 348 301 302 302 302 311 312 302 302 302 305 301 302 302 302 311 312 302 302 302 305 0 0 0 0 0 383 383 383 383 383 0 379 377 378 441 442 441 442 441 442 377 378 379 0 0
334 334 334 334 334 0 314 323 323 323 319 320 323 323 323 313 314 323 323 323 319 320 323 323 323 313 323 323 323 323 323 323 323 323 323 323 314 323 323 323 319 320 323 323 323 313 344 352 353 353 353 353 353 353 351 344 314 323 323 323 319 320 323 323 323 313 314 323 323 323 319 320 323 323 323 313 0 0 0 0 386 374 374 374 374 374 385 0 375 376 399 443 443 443 443 399 375 376 386 374 374
334 334 334 334 334 0 314 323 323 323 315 316 323 323 323 313 314 323 323 323 315 316 323 323 323 313 323 323 323 323 323 323 323 323 323 323 314 323 323 323 315 316 323 323 323 313 344 355 357 357 357 357 357 357 356 344 314 323 323 323 315 316 323 323 323 313 314 323 323 323 315 316 323 323 323 313 0 0 0 0 386 374 374 374 374 374 385 0 375 376 0 443 443 443 443 0 375 376 386 374 374
334 334 334 334 334 0 314 323 323 323 317 318 323 323 323 313 314 323 323 323 317 318 323 323 323 313 323 323 323 323 323 323 323 323 323 323 314 323 323 323 317 318 323 323 323 313 344 355 357 357 357 357 357 357 356 344 314 323 323 323 317 318 323 323 323 313 314 323 323 323 317 318 323 323 323 313 0 0 0 0 0 380 0 0 0 380 0 0 375 376 0 443 443 443 443 0 375 376 0 380 0
334 334 334 334 334 0 314 323 323 323 319 320 323 323 323 313 314 323 323 323 319 320 323 323 323 313 323 323 323 323 323 323 323 323 323 323 314 323 323 323 319 320 323 323 323 313 344 349 354 354 354 354 354 354 350 344 314 323 323 323 319 320 323 323 323 313 314 323 323 323 319 320 323 323 323 313 0 0 0 0 0 380 0 0 0 380 0 0 375 376 0 443 443 443 443 0 375 376 0 380 0
335 335 335 335 335 343 306 307 307 307 321 322 307 307 307 310 306 307 307 307 321 322 307 307 307 310 323 323 323 323 323 323 323 323 323 323 306 307 307 307 321 322 307 307 307 310 347 347 347 347 347 347 347 347 347 347 306 307 307 307 321 322 307 307 307 310 306 307 307 307 321 322 307 307 307 310 343 343 343 343 343 384 343 343 343 384 343 343 381 382 343 444 445 444 445 343 381 382 343 384 343
333 333 333 333 333 333 333 333 333 333 333 333 333 333 333 333 333 333 333 333 333 333 333 333 333 333 333 333 333 333 333 333 333 333 333 333 333 333 333 333 333 333 333 333 333 333 333 333 333 333 333 333 333 333 333 333 333 333 333 333 333 333 333 333 333 333 333 333 333 333 333 333 333 333 333 333 333 333 333 333 333 333 333 333 333 333 333 333 333 333 333 333 333 333 333 333 333 333 333 333 333