75 50
108 108 108 108 108 108 108 117 8 7 7 8 1 8 1 1 1 1 8 8 7 7 7 8 8 8 1 1 1 1 1 8 8 8 1 8 7 7 7 8 8 1 8 8 7 7 7 7 7 7 7 7 7 7 8 8 8 8 8 8 8 8 8 8 8 8 8 8 8 8 8 7 7 7 7
108 108 108 108 108 108 108 117 1 7 7 8 8 8 1 1 1 1 1 8 7 7 7 8 8 8 1 1 1 1 1 8 8 1 8 8 7 7 7 8 8 8 8 1 8 7 7 7 7 7 7 7 7 7 7 1 1 8 8 1 8 8 8 8 8 8 8 8 8 8 8 8 8 7 7
108 108 108 108 108 108 108 117 1 7 7 8 8 1 1 1 1 1 8 8 7 7 7 7 8 8 8 1 1 1 8 8 8 8 8 8 7 7 7 1 8 1 1 1 1 8 7 7 7 7 7 7 7 7 7 7 1 1 1 8 8 8 8 8 8 8 8 7 8 8 7 8 7 7 7
108 108 108 108 108 108 108 117 1 7 7 7 7 8 8 1 1 1 8 8 7 7 7 7 7 8 8 8 1 1 8 1 8 8 8 8 7 8 7 7 8 8 1 1 1 8 8 7 7 7 7 7 7 7 7 7 7 1 1 8 1 8 1 8 8 8 7 8 8 7 8 7 8 7 7
108 108 108 108 108 108 108 117 1 1 1 7 7 1 8 1 1 1 8 1 7 7 7 7 7 8 8 8 1 1 1 8 1 8 8 7 7 8 7 7 8 8 1 1 8 1 8 8 7 7 7 7 7 7 7 7 7 7 1 1 1 1 8 8 1 8 8 7 7 8 8 7 7 7 7
108 108 108 108 108 108 108 117 1 1 1 7 7 1 8 1 1 8 8 1 7 7 7 7 7 8 8 8 1 1 1 1 8 8 8 7 7 8 8 7 7 8 1 1 1 8 8 8 1 7 7 7 7 7 7 7 7 7 7 1 1 8 1 8 1 1 8 8 7 7 7 7 7 7 7
108 108 108 108 108 108 108 117 1 1 1 7 7 1 1 1 8 1 1 1 7 7 1 7 7 7 1 1 8 1 1 1 1 8 8 7 7 1 1 8 7 1 8 1 8 1 1 1 1 1 7 7 7 7 7 7 7 7 7 7 1 1 1 1 1 8 1 1 7 7 7 7 7 7 7
108 108 108 108 108 108 108 117 1 1 1 1 7 1 1 1 1 1 1 7 7 7 1 1 7 7 7 8 1 1 1 1 1 8 1 7 7 1 1 8 8 7 1 8 1 1 1 1 1 1 1 7 7 7 7 7 7 7 7 7 7 1 1 1 1 1 1 7 7 7 7 7 7 7 7
110 110 110 110 110 110 115 117 1 1 1 7 7 1 1 1 1 1 1 7 7 1 1 1 7 7 7 1 1 1 1 1 1 1 7 7 7 1 1 1 1 7 1 1 1 1 1 1 1 1 1 1 7 7 7 7 7 7 7 7 7 7 1 1 1 1 1 7 7 7 7 7 7 7 7
16 120 122 121 120 16 111 117 1 1 1 7 7 7 1 1 1 1 1 7 7 1 1 1 7 7 7 1 1 1 1 1 1 7 7 7 7 1 1 1 1 7 7 1 1 1 1 1 1 1 1 1 1 7 7 7 7 7 7 7 7 7 7 1 1 1 7 7 7 7 7 7 7 7 7
16 120 122 121 120 16 111 117 1 1 1 7 7 7 1 1 1 1 1 7 1 1 1 1 1 7 7 1 1 1 1 1 1 7 7 7 7 7 1 1 1 1 7 1 1 1 1 1 1 1 1 1 1 1 7 7 7 7 7 7 7 7 7 7 1 1 7 7 7 7 7 7 7 7 8
16 120 122 121 120 16 111 117 1 1 1 7 1 7 7 1 1 1 1 7 1 1 1 1 1 7 7 1 1 1 1 1 7 7 7 1 7 7 1 1 1 1 7 7 1 1 1 1 1 1 1 1 1 1 1 7 7 7 7 7 7 7 7 7 7 7 7 7 7 7 7 7 7 7 8
16 120 122 121 120 16 111 117 1 1 1 7 1 1 7 1 1 1 1 7 1 1 1 1 1 7 1 1 1 1 1 1 7 1 1 1 7 7 1 1 1 1 7 7 1 1 1 1 1 1 1 1 1 1 1 1 7 7 7 7 7 7 7 7 7 7 7 7 7 7 7 7 7 1 8
119 127 126 128 127 119 111 117 1 1 1 7 1 1 7 1 1 1 1 7 1 1 1 1 1 7 1 1 1 1 1 7 7 1 1 1 1 7 1 1 1 1 1 7 7 1 1 1 1 1 1 1 1 1 1 1 1 7 7 7 7 7 7 138 138 138 138 138 138 7 7 7 7 8 8
118 123 125 124 123 118 111 117 1 1 1 7 1 1 7 1 1 1 1 7 1 1 1 1 1 7 1 1 1 1 1 7 1 1 1 1 1 7 1 1 1 1 1 1 7 7 1 1 1 1 1 1 1 1 1 1 1 1 7 7 7 7 138 138 138 138 138 138 138 138 7 7 1 8 1
16 120 122 121 120 16 111 117 1 1 1 1 1 1 1 1 1 1 1 1 1 1 1 1 1 1 1 1 1 1 1 1 1 1 1 1 1 1 1 1 1 1 1 1 1 1 1 1 1 1 1 1 1 1 1 1 1 1 1 7 7 138 138 138 138 138 138 138 138 138 138 7 1 1 1
16 120 122 121 120 16 111 117 1 1 1 1 1 1 1 1 1 1 1 1 1 1 1 1 1 1 1 1 1 1 1 1 1 1 1 1 1 1 1 1 1 1 1 1 1 1 1 1 1 1 1 1 1 1 1 1 1 1 1 1 7 138 138 138 138 138 138 138 138 138 138 7 1 1 1
16 120 122 121 120 16 111 117 1 1 1 1 1 1 1 1 1 1 1 1 1 1 1 1 1 1 1 1 1 1 1 1 1 1 1 1 1 1 1 1 1 1 1 1 1 1 1 1 1 1 1 1 1 1 1 1 1 1 1 1 138 138 138 138 138 138 138 138 138 138 138 7 1 1 1
16 120 122 121 120 16 111 117 1 1 1 1 1 1 1 1 1 1 1 1 1 1 1 1 1 1 1 1 1 1 1 1 1 1 1 1 1 1 1 1 1 1 1 1 1 1 1 1 1 1 1 1 1 1 1 1 1 1 1 1 138 138 138 138 138 138 138 138 138 138 138 7 1 1 1
109 109 109 109 109 109 113 117 1 1 1 1 1 1 1 1 1 1 1 1 1 1 1 1 1 1 1 1 1 1 1 1 1 1 1 1 1 1 1 1 1 1 1 1 1 1 1 1 1 1 7 7 7 7 7 7 7 7 7 7 7 11 11 6 138 138 138 138 138 138 138 7 1 1 1
108 108 108 108 108 108 108 117 1 1 1 1 1 1 1 1 1 1 1 1 1 1 1 1 1 1 1 1 1 1 1 1 1 1 1 1 1 1 1 1 1 1 1 1 1 1 1 1 7 7 7 7 7 7 7 7 7 7 7 7 7 138 138 138 138 138 138 138 138 138 138 7 1 1 1
108 108 108 108 108 108 108 117 1 1 1 1 1 1 1 1 1 1 1 1 1 1 1 1 1 1 1 1 1 1 1 1 1 1 1 1 1 1 1 1 1 1 1 1 1 1 7 7 7 7 7 7 7 7 7 7 7 7 7 7 7 138 138 138 138 138 138 138 138 138 138 7 1 1 1
108 108 108 108 108 108 108 117 1 1 1 1 1 1 1 1 1 1 1 1 1 1 1 1 1 1 1 1 1 1 1 1 1 1 1 1 1 1 1 1 1 1 1 1 7 7 7 7 7 7 1 1 1 1 1 1 1 1 1 1 7 138 138 138 138 138 138 5 11 11 11 7 1 1 1
108 108 108 108 108 108 108 117 1 1 1 1 1 1 1 1 1 1 1 1 1 1 1 1 1 1 1 1 1 1 1 1 1 1 1 1 1 1 1 1 1 1 1 1 1 1 1 1 1 1 1 1 1 1 1 1 1 1 1 1 7 138 138 138 138 138 138 138 138 138 138 7 1 1 1
108 108 108 108 108 108 108 117 1 1 1 1 1 1 1 1 1 1 1 1 1 1 1 1 1 1 1 1 1 1 1 1 1 1 1 1 1 1 1 1 1 1 1 1 1 1 1 1 1 1 1 1 1 1 1 1 1 1 1 1 7 138 138 138 138 138 138 138 138 138 138 7 1 1 1
108 108 108 108 108 108 108 117 1 1 1 1 1 1 1 1 1 1 1 1 1 1 1 1 1 1 1 1 1 1 1 1 1 1 1 1 1 1 1 1 1 1 1 1 1 1 1 1 1 1 1 1 1 1 1 1 1 1 1 1 7 11 11 11 11 6 138 138 138 138 138 7 1 1 1
108 108 108 108 108 108 108 117 1 1 1 1 1 1 1 1 1 1 1 1 1 1 1 1 1 1 1 1 1 1 1 1 1 1 1 1 1 1 1 1 1 1 1 1 1 1 1 1 1 1 1 1 1 1 1 1 1 1 1 1 7 138 138 138 138 138 138 138 138 138 138 7 1 1 1
108 108 108 108 108 108 108 117 1 1 1 1 1 1 1 1 1 1 1 1 1 1 1 1 1 1 1 1 1 1 1 1 1 1 1 1 1 1 1 1 1 1 1 1 1 1 1 1 1 1 1 1 1 1 1 1 1 1 1 1 7 138 138 138 138 138 138 138 138 138 138 7 1 1 1
110 110 110 110 110 110 115 117 1 1 1 1 1 1 1 1 1 1 1 1 1 1 1 1 1 1 1 1 1 1 1 1 1 1 1 1 1 1 1 1 1 1 1 1 1 1 1 1 1 1 1 1 1 1 1 1 1 1 1 1 7 138 138 138 138 5 11 11 11 11 11 7 1 1 1
16 120 122 121 120 16 111 117 1 1 1 1 1 1 1 1 1 1 1 1 1 1 1 1 1 1 1 1 1 1 1 1 1 1 1 1 1 1 1 1 1 1 1 1 1 1 1 1 1 1 1 1 1 1 1 1 1 1 1 1 7 138 138 138 138 138 138 138 138 138 138 7 1 1 1
16 120 122 121 120 16 111 117 1 1 1 1 1 1 1 1 1 1 1 1 1 1 1 1 1 1 1 1 1 1 1 1 1 1 1 1 1 1 1 1 1 1 1 1 1 1 1 1 1 1 1 1 1 1 1 1 1 1 1 1 7 138 138 138 138 138 138 138 138 138 138 7 1 1 1
16 120 122 121 120 16 111 117 1 1 1 1 1 1 1 1 1 1 1 1 1 1 1 1 1 1 1 1 1 1 1 1 1 1 1 1 1 1 1 1 1 1 1 1 1 1 1 1 1 1 1 1 1 1 1 1 1 1 1 1 7 138 138 138 138 138 138 138 5 11 11 7 1 1 1
16 120 122 121 120 16 111 117 1 1 1 1 1 1 1 1 1 1 1 1 1 1 1 1 1 1 1 1 1 1 1 1 1 1 1 1 1 1 1 1 1 1 1 1 1 1 1 1 1 1 1 1 1 1 1 1 1 1 1 1 7 138 138 138 138 138 138 138 138 138 138 7 1 1 1
119 127 126 128 127 119 111 117 1 1 1 1 1 1 1 1 1 1 1 1 1 1 1 1 1 1 1 1 1 1 1 1 1 1 1 1 1 1 1 1 1 1 1 1 1 1 1 1 1 1 1 1 1 1 1 1 1 1 1 1 7 138 138 138 138 138 138 138 138 138 138 7 1 1 1
118 123 125 124 123 118 111 117 1 1 1 1 1 1 1 1 1 1 1 1 1 1 1 1 1 1 1 1 1 1 1 1 1 1 1 1 1 1 1 1 1 1 1 1 1 1 1 1 1 1 1 1 1 1 1 1 1 1 1 1 7 138 138 138 138 138 138 138 138 5 11 7 1 1 1
16 120 122 121 120 16 111 117 1 1 1 1 1 1 1 1 1 1 1 1 1 1 1 1 1 1 1 1 1 1 1 1 1 1 1 1 1 1 1 1 1 1 1 1 1 1 1 1 1 1 1 1 1 1 1 1 1 1 1 1 7 138 138 138 138 138 138 138 138 138 138 7 1 1 1
16 120 122 121 120 16 111 117 1 1 1 1 1 1 1 1 1 1 1 1 1 1 1 1 1 1 1 1 1 1 1 1 1 1 1 1 1 1 1 1 1 1 1 1 1 1 1 1 1 1 1 1 1 1 1 1 1 1 1 1 7 138 138 138 138 138 138 138 138 138 138 7 1 1 1
16 120 122 121 120 16 111 117 1 1 1 1 1 1 1 1 1 1 1 1 1 1 1 1 1 1 1 1 1 1 1 1 1 1 1 1 1 1 1 1 1 1 1 1 1 1 1 1 1 1 1 1 1 1 1 1 1 1 1 1 7 11 11 11 11 11 6 6 138 138 138 7 1 1 1
16 120 122 121 120 16 111 117 1 1 1 1 1 1 1 1 1 1 1 1 1 1 1 1 1 1 1 1 1 1 1 1 1 1 1 1 1 1 1 1 1 1 1 1 1 1 1 1 1 1 1 1 1 1 1 1 1 1 1 1 7 138 138 138 138 138 138 138 138 138 138 7 1 1 1
109 109 109 109 109 109 113 117 1 1 1 1 1 1 1 1 1 1 1 1 1 1 1 1 1 1 1 1 1 1 1 1 1 1 1 1 1 1 1 1 1 1 1 1 1 1 1 1 1 1 1 1 1 1 1 1 1 1 1 1 7 138 138 138 138 138 138 138 138 138 138 7 1 1 1
108 108 108 108 108 108 108 117 1 1 1 1 1 1 1 1 1 1 1 1 1 1 1 1 1 1 1 1 1 1 1 1 1 1 1 1 1 1 1 1 1 1 1 1 1 1 1 1 1 1 1 1 1 1 1 1 1 1 1 1 7 11 11 6 138 138 138 138 138 138 138 7 1 1 1
108 108 108 108 108 108 108 117 1 1 1 1 1 1 1 1 1 1 1 1 1 1 1 1 1 1 1 1 1 1 1 1 1 1 1 1 1 1 1 1 1 1 1 1 1 1 1 1 1 1 1 1 1 1 1 1 1 1 1 1 7 138 138 138 138 138 138 138 138 138 138 7 1 1 1
108 108 108 108 108 108 108 117 1 1 1 1 1 1 1 1 1 1 1 1 1 1 1 1 1 1 136 137 136 137 136 137 136 137 136 137 136 137 136 137 136 137 136 137 136 137 1 1 1 1 1 1 1 1 1 1 1 1 1 1 7 138 138 138 138 138 138 138 138 138 138 7 1 1 1
108 108 108 108 108 108 108 117 1 1 1 1 1 1 1 1 1 1 1 1 1 1 1 1 1 1 134 135 134 135 134 135 134 135 134 135 134 135 134 135 134 135 134 135 134 135 1 1 1 1 1 1 1 1 1 1 1 1 1 1 7 11 11 11 11 6 138 138 138 138 138 7 1 1 1
108 108 108 108 108 108 108 117 1 1 1 1 1 1 1 1 1 1 1 1 1 1 1 1 1 1 132 133 132 133 132 133 132 133 132 133 132 133 132 133 132 133 132 133 132 133 1 1 1 1 1 1 1 1 1 1 1 1 1 1 7 138 138 138 138 138 138 138 138 138 138 7 1 1 1
62 108 108 108 108 108 108 117 1 1 1 1 1 1 1 1 1 1 1 1 1 1 1 1 1 1 130 131 130 131 130 131 130 131 130 131 130 131 130 131 130 131 130 131 130 131 1 1 1 1 1 1 1 1 1 1 1 1 1 139 7 138 138 138 138 138 138 138 138 138 138 7 1 1 1
63 61 62 108 108 108 108 117 1 1 1 1 1 1 1 1 1 1 1 1 1 1 1 1 1 129 129 129 129 129 129 129 129 129 129 129 129 129 129 129 129 129 129 129 129 129 129 1 1 1 1 1 1 1 1 1 1 139 139 139 7 138 138 138 138 138 5 11 11 11 11 7 7 1 1
26 27 63 61 62 108 108 117 1 1 1 1 1 1 1 1 1 1 1 1 1 1 1 1 1 129 129 129 129 129 129 129 129 129 129 129 129 129 129 129 129 129 129 129 129 129 129 1 1 1 1 1 1 1 1 1 139 139 139 139 138 138 138 138 138 138 138 138 138 138 138 7 7 7 7
26 27 26 27 63 61 62 66 1 1 1 1 1 1 1 1 1 1 1 1 1 1 1 1 1 129 129 129 129 129 129 129 129 129 129 129 129 129 129 129 129 129 129 129 129 129 129 1 1 1 1 1 1 1 139 139 139 139 139 139 138 138 138 138 138 138 138 138 138 138 138 7 7 7 7
0 0 0 0 0 0 0 0 0 0 0 0 0 0 0 0 0 0 0 0 0 0 0 0 0 0 0 0 0 0 0 0 0 0 0 0 0 0 0 0 0 0 0 0 0 0 0 0 0 0 0 0 0 0 0 0 0 0 0 0 0 0 0 0 0 0 0 0 0 0 0 0 0 0 0